500 2.5
12.84	
12.26	
8.7	
8.75	
9.71	
10.72	
9.13	
10.5	
9.45	
10.28	
9.14	
9.25	
7.56	
7.68	
10.14	
9.69	
10.37	
8.78	
10.03	
8.69	
8.55	
10.65	
9.43	
9.6	
8.95	
9.29	
12.17	
11.02	
10.09	
9.16	
11.49	
12.8	
12.4	
12.2	
10.8	
11.07	
9.19	
9.73	
8.22	
11.11	
12.94	
11.21	
12.09	
11.59	
12.76	
12.72	
8.64	
12.07	
7.48	
7.84	
7.03	
11.89	
7.83	
7.48	
9.02	
12.99	
11.4	
8.84	
11.91	
8.2	
7.22	
11.63	
11.68	
12.7	
12.94	
10.64	
12.48	
9.25	
7.4	
10.39	
12.73	
11.85	
7.02	
12.44	
9.41	
12.76	
10.48	
8.25	
8.25	
7.36	
12.19	
8.55	
8.1	
10.01	
10.05	
12.79	
10.19	
12.95	
7.69	
9.84	
12.96	
12.94	
12.91	
9.85	
10.26	
9.23	
8.35	
7.24	
7.05	
10.33	
9.24	
9.21	
10.76	
10.62	
10.66	
9.5	
9.36	
10.48	
9.67	
10.67	
10.53	
8.24	
12.97	
10.7	
7.09	
7.72	
9.5	
11.04	
7.83	
10.27	
7.45	
10.34	
8.45	
10.43	
9.97	
7.61	
7.54	
11.1	
12.4	
12.05	
8.13	
10.17	
11.58	
9.99	
7.96	
10.25	
12.48	
7.73	
12.43	
10.98	
7.86	
12.89	
12	
11.89	
10.2	
7.95	
9.3	
10	
9.8	
9.47	
12.2	
9.87	
8.79	
10.34	
9.12	
9.92	
8.55	
12.37	
7.97	
12.91	
11.99	
9.95	
12.81	
7.09	
10.01	
11.7	
9.26	
11.87	
10.58	
9.05	
10.74	
10.62	
8.1	
8.01	
10.3	
9.24	
9.43	
12.06	
10.76	
8.17	
12.56	
8.38	
9.49	
7.1	
8.03	
8.48	
12.28	
10.27	
8.21	
12.9	
10.66	
9.06	
7.78	
11.79	
12.85	
10.22	
9.11	
11.24	
11.98	
11.66	
10.28	
12.92	
10.75	
8.5	
10.41	
7.93	
8.73	
7.28	
8.94	
12.23	
10.05	
10.48	
8.84	
10.11	
11.46	
7.58	
12.84	
8.92	
10.33	
11.44	
8.97	
7.11	
9.04	
9.37	
11.37	
7	
12.99	
8.96	
11.19	
9.27	
7.34	
12.36	
8.55	
9.96	
9.89	
7.91	
8.45	
7.64	
9.27	
7.09	
9.55	
10.08	
7.45	
12.88	
7.3	
7.8	
12.6	
12.31	
7.78	
11.07	
9.76	
8.29	
7.53	
10.8	
11.49	
7.18	
8.74	
8.55	
12.33	
10.85	
12.42	
11.14	
10.32	
10.31	
8.59	
9.75	
7.06	
9.6	
8.93	
9.21	
11.21	
11.63	
8.23	
10.31	
12.19	
12.09	
12.35	
9.08	
10.32	
10.26	
9.67	
12.63	
11.99	
12.97	
10.51	
9.46	
12.98	
9.58	
9.97	
11.42	
12.8	
10.9	
9.47	
10.84	
9.17	
11.27	
12.24	
9.95	
8.88	
10.16	
7.78	
8.88	
11.36	
11.05	
7.47	
10.47	
10.54	
8.68	
12.69	
11.63	
7.34	
12.27	
10.65	
7.47	
8.99	
11.8	
12.93	
11.93	
12.5	
9.32	
8.97	
11.48	
8.8	
9.08	
8.74	
10.04	
11.42	
8.46	
7.27	
8.19	
9.51	
9.61	
8.66	
8.72	
8.37	
11.08	
8.6	
9.04	
10.73	
12.77	
12.2	
7.2	
8.14	
7.73	
7.78	
11.05	
8.77	
9.92	
7.38	
11.95	
11.25	
10.74	
12.38	
9.1	
10.07	
7.13	
11.11	
7.33	
11.51	
10.32	
7.81	
12.35	
7.88	
8.98	
7.58	
10.47	
10.44	
9.44	
7.06	
12.06	
7.1	
7.24	
7.73	
7.46	
11.04	
8.15	
7.62	
7.99	
8.91	
9.42	
11.93	
12.92	
12.03	
11.18	
8.78	
7.04	
8.33	
10.85	
10.26	
12.04	
9.19	
7.56	
12.74	
9.9	
8.51	
12.42	
8.38	
10.73	
11.72	
11	
12.58	
11.94	
7.49	
10.5	
7.21	
9.36	
12.68	
9	
11.1	
10.29	
12.81	
11.29	
9.05	
9.81	
8.23	
11.25	
12.56	
12.25	
11.25	
9.31	
7.86	
12.01	
9.27	
9.54	
12.29	
7.14	
10.46	
12.94	
12.48	
7.26	
9.38	
12.87	
12.71	
11.59	
12.85	
10.01	
8.37	
9.73	
12.29	
9.68	
10.48	
11.19	
8.32	
12.37	
8.99	
9.4	
8.04	
7.29	
7.73	
10.78	
9.12	
9.37	
7.03	
12.01	
9.22	
10.83	
12.83	
7.8	
8.29	
11.48	
12.49	
11.54	
8.24	
7.99	
12.81	
9.46	
11.74	
9.55	
8.86	
11.96	
12.13	
10.73	
8.69	
9.17	
9.44	
9.35	
10.22	
11.84	
7.94	
9.95	
10.4	
7.17	
7.44	
10.68	
11.71	
8.7	
12.43	
10.45	
7.72	
10.22	
8.05	
8.12	
7.66	
8.45	
10.87	
9.07	
10.04	
7.02	
7.05	
10.67	
