13,140434918142414 13,471172195332418
12,288545937278506 8,688623091051342
16,461111864544492 7,811580533369689
11,11755770201033 7,463469282287238
9,510501866236458 5,848600760879135
10,823601683906835 10,812521358999819
14,713367288933888 5,985710598445103
15,393969554171697 5,59092326846382
11,283697953279148 7,579510667492818
14,50406472202679 12,091461408076462
11,19401135540122 8,297937383120217
9,955149426850957 9,17158976681128
13,048043689979377 8,212618019409524
11,95323611357529 5,488686497267424
11,647090848842934 12,256105108737485
12,029016618039318 7,578851620099752
9,373615617956133 7,080832248067799
14,639151611855922 9,3377028778929
11,105342405082066 9,208714780552171
15,60783896581681 7,22464742776321
5,616031708177568 8,897410028457807
6,2365021534769545 6,302950427557782
5,335761341442714 6,791334168027992
4,375138928536538 8,573806045175811
5,781152483053188 10,43056773641588
5,638938917349505 10,19120243816415
0,20066912519407776 11,723050793104159
1,7916828292936584 11,666005950343061
6,305431924275743 9,124685849677556
7,5446158309875715 7,221538063848603
6,134402282622437 7,8585816368159085
6,3276827652783165 8,407341865012835
5,687899302140189 10,119430215270723
0,6103162493248941 8,648075358119328
0,39108414281728443 10,856921275075699
6,1346711908762215 10,446964679081239
5,025105387612617 11,641939540755162
3,092473961201173 11,237144257786557
5,608435680259568 7,0853665650630475
3,2954154575351344 9,754262044404106
6,498872151122521 8,56739121224404
6,382904596048343 8,93731587759806
5,202326732235795 7,038792390677809
5,080885484331121 6,272445454125554
6,795868894434008 7,114952980239165
6,636739021586873 6,809150184242138
5,398095965876129 8,385719636838905
6,67447601598347 6,234700101962057
3,2164214962163946 10,399509659956882
6,35140261682088 8,74879900988671
2,308551080174297 7,0564579291917635
0,5696697599403002 10,975202050429226
-1,365103383917976 7,410466268280197
5,902470870723166 9,65134314275399
6,301107038628942 8,24610731121925
5,518699963464904 6,958992230985816
4,329870935058535 15,140018966020055
5,219962777067837 9,322066742778048
5,4759522595343295 7,254477450053895
-1,7154839659133874 8,209956065674263
5,060060877373475 -3,4520144211374273
11,592695227952873 -0,2463870709035323
6,01056962824912 2,4418526011396704
2,3503519007342346 -1,3067249265242893
8,286088984705875 1,6533478719862957
7,3831292766227055 4,997112743163616
8,911279988891092 -3,2818539657941805
9,082443820118456 4,012124897220493
8,292475734437277 4,776873663576917
9,10921858900675 -1,5556583340304506
7,13254243537461 3,910783364005601
7,530838924996342 4,591056168800931
5,231130862513705 0,659707500726376
2,7724439348387637 -1,5339955533311498
5,50719888618381 -1,1945994878516748
8,442265911288791 2,8714314586378693
6,059911136951076 -3,7924392653541403
7,1275115747399145 -2,41747002715595
8,033851165247365 3,4685040765645745
7,89797898915126 4,287667969307155
0,7070017256485928 11,311596211722073
0,07445368430775812 7,546590428656699
0,782421833186568 11,699275507579657
2,911225663805915 13,08550928893929
7,276414421689264 6,998352741690832
1,766812853318065 8,752654637740537
6,688929511149027 6,169618791550006
6,965646400019803 7,142651978210744
3,607738975430144 14,384077633186688
3,401996042262194 9,629878673135664
6,140821695224002 6,156036712580329
5,997680627729199 8,221073167920773
3,9344437061646707 10,415827634719657
6,087086048379814 9,48833977638102
5,879205553759273 6,556038557351118
-1,2718468949748498 7,311496376174439
-0,026715796275919246 11,914964104505335
0,23283489908033506 9,90734193231393
3,6156564458072733 10,180889119182542
5,521243762336583 8,075407193789967
6,738273824783709 2,9624955102863955
10,601266620698912 1,4485310810376832
8,349705714307921 3,9756362727661427
9,238864595318692 0,42867757922072425
9,500187037857085 2,0305451197941533
8,060432216716142 1,9590330926395643
7,887281473084198 3,011405622120476
7,696342344425812 4,235904568329404
2,8286238346564962 -1,5325620798908774
4,118335720957364 0,5529959855763265
9,126863719015416 -1,3301247107729628
6,824530784494525 -0,6581074872582695
5,240673944646749 2,355379017805733
4,616918533726942 -0,9111613020740776
9,56361250851827 2,636571297258067
7,6642196487872924 2,098532007089028
5,996914409562105 2,9752291962811293
5,32862780029574 0,45267236592793747
10,945927658767042 0,7121512553440095
9,506521783658801 -3,4518912372689297
3,490955970815511 9,797845476018392
1,4168234614728137 7,6544670461825755
6,338677801495813 10,087443091753428
0,654535067438184 8,041491445504278
6,753313182135047 8,485064904985219
5,658138932974923 6,414970464098023
1,3515900398796914 7,354209055604319
0,9728530651180236 12,116678555512703
2,7730537559968944 6,187761830288662
5,562913487768663 9,650179780307575
5,47567944181732 9,232203295351933
-0,5158452540738452 7,571668910265591
5,5429537413731165 6,466552363988015
5,523249210307311 8,164644310609807
6,723384512692287 7,395682708976917
4,124953194336828 7,740322424117886
2,5425436651318023 12,341499605140624
5,51582922701645 7,101727386968195
4,92260867673545 9,773450119209233
3,588163462966003 9,969715028783131
2,393178140871858 13,909226427375927
4,028765440132487 14,971251733152979
3,638839968610407 11,848269825691709
3,4927983997854115 6,414851226679748
2,109876525626407 7,866776043582611
4,936478149757079 12,262544156913815
1,9159456865927051 11,89432281886372
5,2857439719021215 7,4728248386181315
1,747658730845873 8,253452115340409
-1,2469576058517582 9,705670535064197
5,661440033139793 8,646693041022294
6,182527352236316 6,687527395214818
5,170815514436976 13,690771535721726
1,1617477079820437 10,81739480783608
0,44207920293339065 9,531804070218925
6,559228444553334 6,7893658274381234
5,95692271234055 7,024149854897954
3,5140652218040644 6,325377748829274
2,1783803236456487 9,953752858577602
2,951255771884541 11,53041160160123
13,520619309622285 5,922265256863158
9,417913578180029 7,0553001396095585
12,274482780012427 8,117573375665046
12,290541874129627 10,465784961834188
9,464118229648347 6,572671683302334
16,46933543642929 6,204290372024833
10,637544597579737 7,584123386407535
8,918198358318689 7,341142282445448
9,54111934618738 6,765230317186315
12,910270479086398 6,604594433685416
10,784518350753896 5,956184566474205
9,773405925812728 6,112604046966945
9,211266359981645 7,992782407635982
11,022131749958604 9,05619177766201
11,273035818273552 7,0438850858004365
10,736282335310626 6,4116842883950405
11,560439565343398 11,606522103289812
14,280333072142058 9,19549747972432
13,819169518177755 9,265864438164876
16,67838199801387 6,939460204425538
6,204402307111399 6,543803587997832
-0,01382279886380644 6,432052005070101
0,5266153230717299 8,3776760726914
3,0332961850907134 6,5683268863841775
7,169728298553515 7,38193415120704
7,301096024605698 7,786230215184717
-1,1372213638329693 7,007223541098623
6,656235810874805 8,128639620953646
4,811588204468807 6,579289966963913
4,673900867656634 7,0467567843590135
7,068550060157692 8,410779190628727
3,1686237561539583 6,627568975756219
1,8792977945598688 12,01624721644079
1,0145474076394079 12,451539031078571
6,306696751425594 7,3880172486220745
6,929595786739318 6,283063356034165
5,50897405706691 8,681050152907218
6,142702637872603 9,882847028535592
5,669601652327382 10,445612223356601
2,8401628168086503 9,76279879116806
11,363910337273474 10,215609526955896
17,609678616967766 8,455753313204937
8,870522705367199 6,5260559254741075
13,867604654809082 9,1672010567925
12,954076879151602 7,302031325059029
12,274438612529893 8,638255691567398
9,88665013266575 7,193691473437719
15,056514664033417 5,993735126819563
10,615544110558197 8,707453383708003
14,003910569824349 9,042640716941971
10,215182810252537 7,005324614629739
9,398479560009816 7,884222624736735
10,383929256540505 5,675274400112147
9,46194628611945 6,6799438532811095
8,91298156305171 6,945438346593878
16,47644966520064 6,5905804613551275
9,588603227094573 5,801806014832723
9,042318160849172 6,232806547435125
12,967152175646753 7,1026225337389155
15,63994028375145 8,549066117855148
4,458613925062294 9,589316063747225
4,889583662863646 11,693923145396365
6,521023061196913 6,954611392421302
4,849067893123509 12,056893889751588
4,84522385235984 14,074855991443556
5,986992279413066 7,145066034646112
6,07325491233152 6,779976385961377
4,56582821404025 13,889282067087212
4,43990632331484 13,803622819697361
5,096898832375418 7,852758366316145
-0,017758535487992333 10,03193959514876
6,706627617091786 6,772183992199953
6,3196067496232935 6,8442408220843785
3,4322030487093116 6,533047878451928
2,9008541666410386 13,544647017519848
3,2102046380085696 6,779000331617274
3,6528867265428797 14,970074884098954
2,9889536419416682 9,537437007379516
2,567697125362381 13,989644142162913
6,471677648448252 10,111076853468447
6,978989878577616 6,6851919027450375
6,857771994255858 8,519612412239658
6,85628315061772 7,397867487385334
3,978031151257243 14,053058525092275
3,4895621861125443 12,749753877549413
6,975958481341316 6,154148276210021
3,563763032802231 11,492916037964358
5,14723856978226 7,27662486468095
-0,10188109171000548 9,807359509603057
0,6843978556959032 8,37223089855365
5,564988146827209 7,853749427020519
4,012475877509762 10,723331221867037
0,749729709380107 6,3039581458937946
7,465457096051053 6,981532242243828
1,346429797195766 9,84280634817938
0,40781380399317513 8,975270162748645
4,297174580297349 7,823309923303549
-0,14376450372602356 6,8088554163272645
3,4677823268014123 6,906828764180808
3,158764018833625 8,906858136895616
6,698025388864495 17,866922652799275
-1,7395273484191787 -0,7267763474333941
15,875678872254095 -0,19921413145593636
7,375559442953502 16,983961870592726
-1,3428675412156927 0,35386251352086173
18,104036468877496 2,2436778485234865
7,181662273950395 16,864775540004675
-2,6748294253331455 1,3441621569145594
16,893308898054602 2,0677649904528943
9,286897504353298 15,978091434270114
-1,653534302256947 2,367977763655569
18,481355319906818 1,4748444584055855
2,3649773955587747 13,986269213290612
4,456443131697579 8,36186744783985
7,2481057307970165 7,031673534720226
3,9961059782251276 10,921872127105628
6,202470764874423 8,748125285971993
5,415250230644419 7,086012509063332
1,2404788599372978 8,705940377554848
-0,5359427929361829 6,980896407849398
6,4766419695649535 6,255139046846066
6,220615171447023 7,098146461603632
4,74707076701492 9,704734359998195
4,388070777918603 6,743693984865023
0,7711410221419506 6,766961026507369
6,514299389399835 6,586659881458921
6,31376528644142 7,3977634732122635
2,0425229934308433 9,380343537342217
-0,7653050013662508 7,081662213340095
7,00655753343532 6,688844909195443
3,9285813791156583 8,633381051359414
0,14561328662274242 7,455391933578141
7,965804892947533 0,38275463075791105
8,722220031750293 0,49676693890191714
8,068654093483847 1,4577616297123814
6,780037415907603 0,8317751556840509
6,1970975482846855 0,06889473231054044
5,821000738713081 2,812084156298871
8,879568988125758 1,3565369337103794
9,447056002918654 -0,26957583002484586
6,335435187242722 3,694947997782043
9,168363487223953 0,43002167348621345
8,840211368538691 -2,200187187550654
11,49125429981779 -1,6418611760958486
8,545180368761631 0,46604066565282043
7,630067063735231 4,949726540730618
8,682447118672448 1,1040080870208904
11,211277628200607 -2,4193016540902104
5,891473227090678 1,965499938541031
9,700160053071707 1,5767052559529384
11,399461509320806 -2,4496192563505836
7,3366786837504385 3,847613847967889
4,440136253164263 7,911579719312419
5,84997197769879 9,810865904089514
1,644742508508502 7,157825438512843
-0,9340943258473757 6,0435777090223155
3,3202302929678655 14,06123911936918
5,58229903855597 6,863024872225612
-1,6003271222417723 8,016973380309262
4,279390181116188 9,652380475110327
3,1833220176501893 6,856531963408381
2,791269495290198 6,442686321301509
3,3330484181515585 7,136501957482062
2,965881847976796 7,5180171432683185
6,99676105338154 7,6123593660536315
6,411994331863848 7,171730415447681
3,0332433425109793 8,671457536383503
6,906350501885641 6,542196858125814
7,478743097767929 7,114657889148041
4,7850067286211155 14,154338531599537
6,261771152196584 7,682004782674146
5,529753581344433 9,444407146177035
6,0300518343783756 1,9252743096318223
5,145684494155718 -0,1846646215295431
8,817783389805465 3,27469969417757
7,779256175652493 1,5845284896061296
11,680130545067081 -0,7660043431130727
9,343038165492992 1,0174300791216435
6,551673064349021 3,9219023843846017
2,15914166208069 -1,819444692335498
8,224436584331857 4,271380536384587
5,471286565492431 -2,7773727664354073
5,144358277609921 1,435653882422021
7,843013160768566 4,509524471792366
8,681257018438814 0,025779604586328553
7,714831377726886 4,130517157513992
4,651922718629952 1,045589402657603
6,275981966398492 3,1021056111653276
8,20360723396593 -0,3411827467565782
7,36810397841941 4,682072199706791
8,612776428488392 -1,892070198787878
4,7900712816699285 0,6866606593243993
10,487151721813968 7,217300242038359
12,696604916263565 10,497397145592586
8,90772813148596 7,19560386262236
10,562884232581036 6,113691654361267
16,9206864843281 9,800412280035058
12,633096879223094 6,270561304468896
11,794629446009749 6,264235130428541
11,481290480670532 11,76326259447534
14,111821445187047 13,22028577741791
12,654132780829551 13,326381799148999
12,525804852452161 11,332935763378748
13,642426942606992 6,545139671537017
12,018738475590864 7,674946647696247
14,749444978318362 11,319940889163249
16,265987710066884 4,851985705298577
12,075002877984122 6,8898125341992404
13,73648539611952 12,099379689196425
13,69749617821013 9,544167473728624
10,47529259254131 7,308286371553248
11,645526314250283 8,43273923498467
11,250575307848065 11,067665429608
16,338290353985517 9,594992116741768
10,215701142856016 7,219068002644833
9,38937728918733 6,9001073837932285
8,671157688732599 6,8412431379693945
10,621500865934353 8,466930972290813
15,369140538846853 7,866135934949466
13,06182451839588 10,593302340983856
12,128652036878638 8,085966492514196
17,521383369405246 8,763167149439258
9,598883127437944 6,002288885801974
12,519784506871492 6,497879762667656
15,606072966250267 8,80870036749977
10,406942605814525 5,835210977155821
10,647923992731307 7,5610856665267745
12,541976570543707 9,499151335885124
13,22219377244883 5,598420921988171
13,222071395185768 10,313262298963144
16,72841005698514 10,04200944028922
11,581411266252601 11,19511235071934
7,908551518436592 15,645009099826012
-2,188797076642171 1,333329333670954
18,66739564088894 1,9842007545306855
6,707200784481713 16,234339615230592
-2,610027854769047 1,0085443435386265
18,067473113599306 1,6167887150237314
9,748314240584701 16,224977571027132
-0,9901999030432407 0,19189129419427964
18,24284351899973 0,5333333985704849
6,498183882421265 17,357431845117222
-2,252789069327438 -0,16975379972343418
16,958615025990454 2,6374881339222487
16,510942820152646 10,168674539744647
11,434671429378746 10,047780200042368
14,713438305661407 8,102001850819393
11,165443361943856 5,774849895582383
11,402897132193523 5,807073648343141
10,551253780797026 5,579594176031995
14,496579713797217 13,59051654992637
14,514642949029295 9,19877547752746
12,297052269006421 12,941739068452131
11,773927787651198 5,96403387556274
9,560973357137819 5,823024077397056
14,29306199878383 5,143806733815449
9,713142651904096 8,565115868277775
14,263914039386519 5,602181971114328
13,766702278977057 11,861520499294116
9,682971632683351 8,196481496911401
11,661890415411197 9,82783823292825
11,917266327187285 11,72339036341248
8,914342750706666 7,459756011930807
12,8139246482285 11,764164004766045
15,488357432856752 7,73234166924367
12,51063273708775 6,91403249958433
16,13236053147203 9,221725727697283
13,899628627841345 8,933254098879734
10,3960935756309 6,946194629243346
9,532303397613372 5,775985142446537
14,196685665219274 12,174243757959477
14,038574674572157 6,834995246930772
13,167792340073905 5,496462034667961
15,974351202122135 10,365371790663989
12,340681203840928 8,482886430183587
13,45410896938959 7,024900553173911
10,873988284445296 10,138959514061266
12,572878176923403 11,889005570096037
15,735861979427797 7,20474925127181
11,263474035139696 7,298654656386654
10,790305176191854 6,639154950975901
9,74647451538854 8,564121077193496
12,827051951703574 8,626905897647173
15,412981732453218 12,661901490138607
7,654230581969205 -2,0731536040581062
7,669254575741667 -3,7546478168332253
9,195842826239335 -1,9870056003117593
9,146234772170073 -0,3330960256160447
5,4644184791715045 2,214986778544807
9,965369434375857 -3,46953059369973
6,785578451274821 3,8603823189533286
3,580791238914725 -2,463590376709913
6,443482072442131 2,4583906307053187
7,0582373840642045 4,277419705414719
9,283126764506989 1,9222133985445051
6,555738450778338 1,9961049253447678
6,869105463481834 4,302862781481208
7,160212544601292 2,287019975836978
6,042051847068648 2,424507372613182
7,23659045914192 4,921330866462963
2,9646503032712976 -2,146859987999349
10,114058942645295 1,5965927962640976
8,742718491819861 3,803026407065766
8,186063206105139 -2,0829753805706215
12,63819893805652 8,869489409880684
8,929726217629984 7,120676417688639
12,992812545609109 11,494208090768728
9,054474383498729 5,882411349461891
10,296744857065821 7,224477047385674
12,729815119024202 13,124011180880942
11,399601376345181 5,766250086888609
15,383337683280354 5,071178918852815
11,923061660679416 7,937301611610016
11,20099325309846 6,5050961918081835
15,002814541055237 11,627908654271957
13,26843625006912 9,748343042196403
14,665659257045213 12,927986482638216
9,570698723749361 5,780597506103153
8,94650344215853 6,89234678624363
15,689216402375717 8,027848639227262
10,831110974324353 5,63555545480717
15,598594376952205 11,805850228684037
13,89336513220732 8,043067482787546
13,99237674587282 9,780799804239932
8,355526098796734 17,201222597202026
-0,38192442593834564 -0,796740161499323
17,206659717497747 -1,5156236922852733
6,422289299741393 17,50413813278279
-1,5963282381818988 0,3414382886056222
16,76713668492107 0,4369806394757072
9,091787847558315 16,665596526343972
-0,7799899114530824 1,3793083587963215
19,120113033495564 1,760741772090908
8,248190148626644 15,959173949718297
-2,3030799187630944 0,3581333682457126
17,383485515293515 0,8002023504396316
10,890880595298704 10,03997888305408
14,103551487384125 6,413110529655987
13,097304485137299 13,32273544995557
9,603646430176886 6,764718412743231
9,128980276178028 6,2137971063622475
16,053932891793508 5,276347245658359
13,097380222234946 10,504665030660174
15,803319405435566 7,461420057861963
10,164833496029292 6,624660725905942
12,307093745903945 5,6468342088556955
9,039178821604438 6,366226379464043
17,41486336783143 6,186049011496014
14,816386888644915 10,504915777110682
13,937842020055342 10,358828214155455
9,376176516055354 7,645953758427642
10,494162885787546 9,742347806193965
13,224943518708205 7,795155627392418
10,245637248980415 8,939706448544003
16,613463535435912 5,310082102895096
13,993773824186835 13,79541214001669
7,2362054422991235 7,986221982819596
6,018043536807088 9,095758136397132
1,3549425251982026 11,892221959775444
6,213463316383057 7,677041880015491
-0,257596627356234 8,571392441622503
1,5542534249576292 8,455738722105831
6,932598102280282 8,225403568838658
5,282369192971533 13,229177513082494
-0,04142477105668618 6,182150018516954
7,270996284546532 6,918232888152144
0,1967958296841683 9,989330507268608
4,248148915827284 8,399909332334644
3,1331826606812454 14,193993469343086
5,037751167035802 9,443081851549172
1,884885116812999 6,188902833877565
3,472280625859126 14,696600450269559
4,165900280195693 7,479968909424651
5,543839719048497 6,718311117030885
4,888889943414953 10,472473826963206
7,258304805497158 7,504851696633132
10,514515412708974 6,187688453708636
16,08072396300447 9,531460012343636
10,234896352070459 6,8761420463044916
12,936785511782663 10,550457398923093
12,808426001595633 13,191209964224676
13,8009330407172 7,410347654831945
12,910338268749507 11,095755355393763
13,050382603398084 8,273735314631494
9,33937992809015 5,921782180661968
14,433202890245756 6,438788448073444
8,977020708762264 6,505342098593496
12,202804485491127 8,589508589870093
15,0806657915005 7,745163250071916
12,038359136025313 10,93761160311843
13,920566836418413 5,625363093201415
13,818152882015774 10,333821501570448
15,591398179716867 9,35049365352138
10,448313957952509 7,297664670521852
9,528410130636303 7,035251879208842
12,328701459805352 9,139644089120567
8,607550194237406 -3,591270540139547
8,206959931250926 1,5603787438986156
5,3090910856608176 1,4438006749407064
7,873019977377251 4,911498086925917
8,745468126775576 -1,1568203458351984
4,223938241403092 1,3951622290076893
8,714153436861618 3,9989024776966713
5,138879524099652 1,7592496214770739
6,760405405756202 1,4037100708071906
9,953136628849746 0,4424094125260938
3,2701662198091475 -0,6465779820955646
5,662821241405424 1,8355298070445123
7,690438623561177 4,681589535651066
7,628853447772704 0,6284298485511846
7,683482385829366 1,8904533692606291
8,771130059817809 1,601372638693876
7,33884758479017 2,0302089042713303
2,5679954768812747 -1,16925327131914
9,842014629904053 -0,5346226978700042
8,987903367895056 3,3551668071571665
3,417755610194166 7,772271752267241
5,226248060620102 6,040872327518727
5,6488309115226505 6,686296770096221
4,1486013280831395 12,873477474440698
5,0234539404902 8,744128085554781
5,053239396188624 6,704043201609247
6,41029712662479 7,892273385156737
4,756376803978528 7,097117796856064
5,294195985747987 7,545768040068089
2,2808130015584007 9,968449527889268
1,909148610764631 10,983891583702334
2,300932077165335 11,916802708427436
5,677612724203121 9,994666595165917
0,13128637037943314 9,509002962401807
1,738153351255396 7,830402772497136
4,528432397670864 8,86589139625773
7,039945537497585 6,315629500321058
-0,6351611079068213 7,060284349964935
1,87315909326772 10,419798492521192
4,648025921006546 14,110844165036092
8,49556035566583 16,979308561906784
-0,9011735371794387 1,1128132030009352
17,171442976374397 -0,6507501788516041
8,971785871220904 16,539100226500807
-3,138334758154416 1,8744805667097628
17,493168020667923 0,2932050868644067
7,778239662964182 15,97534171173377
-0,4703862278328437 -0,8685855978016939
16,390180901564314 0,0800536380430037
9,31158926213758 17,880448035810794
-1,6818348551983444 1,29021737364178
18,465480870784344 0,15943159711737742
4,268415064830737 12,058503234873868
6,00752050688569 6,060511458092052
3,7708946362996008 8,590698975253625
3,9438571408364558 9,403398494796539
4,742494796019184 10,411061264989382
5,788258747419958 9,122030596712126
3,5738803511087847 10,44314280499859
6,023256352070323 9,19114575656925
-0,11895262031902654 6,4920998410861
0,12004812101877871 9,352779662906824
2,8336321817863697 12,080900841421832
5,990167404362332 8,224857762020317
6,833136714900687 8,008476839411948
0,5431557041561463 10,15770017172623
6,853552365016939 8,297113891605305
6,001458395294129 6,370849001903101
4,591920457359867 6,681346239275412
0,5350556217325533 12,280965217444558
7,118992312198233 6,6028698437121545
0,7287288636822238 7,8193958780994555
11,120658815560404 5,7888214575288615
9,34444696176709 6,380648896470634
13,655090090980359 5,1183218348300406
10,932604327248889 8,793842730840499
10,811563050177526 6,470926615165332
9,80694562208335 8,498240121901835
12,693789195197102 7,974412033245126
13,315103772374766 9,630519829902283
10,868936227851671 10,804298897411089
16,46905010180498 5,9614399875148845
11,611617594263045 6,133760374969556
13,437436231006192 8,476028574257583
10,949970980463311 10,754137846329353
11,767925021642473 8,646600318832586
14,751238466093753 7,963001206844618
15,86104925664504 8,395169032856025
14,919121673561833 4,882019244581691
9,337795640445584 5,934617050789216
17,25686338754452 6,922061428399711
9,242232914164441 8,134558694346536
3,834732007497035 -2,8768598462549804
9,100760500608333 -3,3780611810989623
7,671173137378043 3,6334251368657045
8,073605767528303 3,722741093250749
4,688078129472315 -1,3032930487600014
3,012451776521891 -0,9740679557315337
8,890922755246933 2,8899724337786132
8,37384465293415 2,904011161171617
8,998518772166607 3,3395092785418785
9,194600800471378 -0,48801684406766377
6,3178161294112005 0,7245665609314411
7,629832825170156 4,9544948485111835
4,455605139214019 -2,119608644121982
7,261385982176384 4,2925831311580325
6,772709645564049 1,1949679794415644
7,639144529958033 4,530471345367753
7,158927533664641 -2,7906490673742113
8,847299842655012 3,771678982568216
8,570061277397675 3,4529109364387316
8,436296589171732 -0,312135342524126
7,289705937614341 3,02392883674364
9,79310430217962 0,1455329001629746
7,509996306028553 3,893752094174386
8,130749057422836 1,1588219290028636
3,7080317561615805 0,6264925070246017
6,349792605932896 2,6140556066626845
6,639999617385607 -0,8622517946727166
7,024835332179762 4,465848972054136
9,368946959735261 -3,431954477314731
7,6088872548214335 4,242692488289817
5,114321884021912 0,29373460248549765
10,630642683852537 -0,04724233234732633
9,79609731117931 2,4571277551768103
5,418873165067873 -1,4219139493403556
6,29992437209232 1,3826452022053823
7,045591549216291 3,6194392805707514
9,321095545123695 0,1134113368114793
8,808554102006196 2,2124850388389707
11,486520322607939 -0,5074272982635799
6,741671151671298 -3,697322199516858
7,572487503560405 2,6359802220990898
6,0734670770814425 3,305145022108552
8,781374555443467 4,062743289916044
8,011423764388882 4,824022820755299
7,833283765118293 4,6200721991470015
7,634440388434294 4,239227016741263
7,710989349045612 3,800434439029639
6,711336313456294 3,7818334346294478
8,440632182077724 4,829412165493854
7,651404369420401 2,6793732406236215
3,8065207887173527 0,3122599505316268
7,199048493908479 0,20241781775960455
5,200310642191957 1,5027124619762793
5,990733385636016 -1,4540030989165018
4,52913236717223 -0,5760478396580728
6,160167856360732 -1,719475128691009
9,720347972527293 1,732698468050657
10,1697416838104 -0,2835834027357338
7,493029498232499 3,6602857228270254
7,997133284773968 -0,2654076036118562
4,606433432265624 11,688385972218615
1,059046336984335 7,370119732839011
6,571146101267262 6,925350111070374
2,6883834516797007 8,88116600213252
1,1061852190522679 8,61305697343644
4,976332442063406 7,354307007143701
5,431935449030137 10,11037832764709
1,7867931452774561 12,169549800335918
6,641494340913918 6,7413682375858714
4,111250528244817 6,964599079073828
2,510206722369337 8,668820926987827
2,4449892710045775 11,462883756234437
7,368781013303691 7,169587623104054
4,343600146265874 7,785536739934551
-0,5969266477492461 7,222077392374193
5,237239904635322 9,579119753440335
5,2665308831537265 11,878309883949528
4,1480330951718845 7,543079677977441
-0,8994714960506212 8,320748213640703
6,381900279657813 8,810020237479408
2,1987351882276025 13,124844149645066
4,650419542426073 6,156667474029999
0,6620203610263511 8,969412291652455
1,9407289112384962 13,588608792805875
6,577019031615805 8,793056320373125
0,4893846843833858 7,173565645216601
6,962142422821695 7,147683749792856
0,9354094309523431 7,225991333569929
2,9927441150763876 13,893328956054363
4,005248102244385 6,403621084669259
2,742752582640275 10,437665383807094
4,340829224846297 8,327506047546295
5,614187185973265 7,038142921873966
5,181558619217814 8,155012774498296
1,7263296147695177 9,518771255551426
6,130577471020363 7,165780603748518
5,182822809885701 7,257223605341052
2,071723525132996 6,010676260432366
5,972886799226112 6,757180493195345
1,0994245623933807 7,845504243740785
10,92508634774493 8,521351650321145
13,533122664830232 6,517471689148994
8,804375588474556 6,656803349328919
11,902555717575337 11,024344658373025
13,784878829718224 8,44081503143772
10,658373303200026 5,633816588612708
9,01756986287119 7,657909659114093
16,108704550783074 10,23099795517617
13,429849032439172 9,93118555123117
9,753587574313158 6,198157229036605
12,242631894767442 9,577848633613893
11,704876587298944 7,616949823949004
10,593179838733157 5,839573950358044
11,011820416791494 5,592796177308483
13,66674548909096 14,007414332880955
15,702336168289655 9,984640473769597
9,338606549449871 7,442687272067355
13,442249023461638 9,144391194406385
10,19500393705654 6,339343884685642
15,222920480199935 4,86835561925138
6,519603912180311 6,44856535821466
3,204361382472734 11,720708272914528
7,483270103774692 6,900942580864045
3,763440265707759 12,569706770758447
3,728264346871015 8,718649757321057
4,579980619073878 8,528327149411107
4,6077875032439355 11,360449316748877
-0,09714572888264783 11,462532997168012
3,558719714183942 10,31830824586028
4,903948011209742 11,358725949601054
3,719867665712493 12,494007239727345
5,336944348625799 6,82167856481145
5,056278070985899 8,283203151311332
0,7395732235105648 8,339672089532124
6,455040395804928 7,413970699651619
3,7431413506111717 9,31143993356145
3,3621252483730917 8,521999497278879
5,017389014115148 9,520899004194359
0,4730792445699432 10,529915090396234
5,363064304555561 11,395045935217798
5,155072233168243 -0,036148073053606566
7,5522766157578145 2,645871917171461
8,719783494514353 4,433346741606474
8,505945901727756 4,326154579755339
7,399911306653878 1,6029783939399973
6,508596748819923 1,9840379853975287
2,9849855138365973 -1,1956180827253444
4,293682778313849 -1,9431909288652767
7,428083492219601 0,3016680372305025
9,66018296727754 0,07780229573879716
6,739930446320148 1,9978159625799945
6,589041978917298 -2,9776757151736515
10,094805252171467 -3,5142208521646197
6,488221868079878 1,018875481018128
9,631829383556747 1,9876244148123616
8,892899648888307 0,9384982435987332
8,44168700226073 4,041251915246383
7,227810854347598 4,440979337742734
5,506544731218288 2,82498702374922
2,21571524264205 -1,2195880746286027
13,128882377543434 9,644368828440614
10,52143739709174 6,174812281353351
9,386940548928619 7,126928989007885
10,452255358797125 5,677054735963093
14,851425575539164 11,075158128238733
15,478758834641575 5,652625586553274
9,97835053113926 6,856898846639242
12,791195776397736 13,275778708051842
10,761083003491226 10,209423596472611
10,520575029836708 5,699112209217452
13,384049210846367 6,030647240604639
15,078153226497754 12,254096813752062
11,452120188353756 6,301131159133784
9,766979401203658 8,31650289255581
11,889627761257298 5,554309347314151
14,009680417921466 13,078676175886667
11,902493989381945 7,150081718330677
10,750284575713568 5,979845353121107
12,986426439133464 6,220607120291738
12,711953791140104 10,124571286939137
8,628337770934518 6,927906881291156
9,18905917743694 6,306712884764984
13,254301252689658 8,741607155993446
9,20422704012165 7,004881595460405
9,957719790086214 6,374591696390887
12,683282485315596 7,185179152365252
12,695698763157374 7,741821424913296
17,371401684128188 4,687084577869662
16,80306467330159 5,349248985770828
10,892377115863214 7,552567932962163
17,841288157767494 7,633669871667853
17,951839729977436 5,266720212360813
15,44869282805442 7,454608191170488
11,231373525274641 6,783328590394033
11,379999772425444 10,613270579068228
12,873412863285953 6,995305426329253
10,413848136802097 8,420864729800586
10,486957176158636 5,887471812090225
9,989287867691608 6,127758357165126
13,335764514017288 9,6650411606968
